894683779006865448
947681607928659990
937686217053597708
877321769055297548
797223467220205569
409815000652185603
850510981560926228
307997038862401536
792230291632160839
919100649730351155
857390174778032138
490319452047671313
953382158410592358
956266606919561226
916158634952654878
770308709133844500
783183731379798038
840733937365942303
155149108183695360
882034369563361330
755486480104685599
447895239018020874
914733025638625340
790764040703180890
804447119309144085
896958356902785036
824551967836602409
615416943121399808
209773885825089537
849086558518771742
419303857424826370
902039806433951806
842606217327280169
320621852546301953
577080823464067107
492118795591221268
703521041208574022
777967728173645824
695688273355472926
198904455075332096
730857907348045906
906978971005116447
714911236567072838
486914630292209676
410153025240301569
899641139857092658
921932410449453098
832206332580724746
638480073053437972
395276882146361344
660590984765374474
707395674920058931
303766692725784577
542782640374284289
574644158845943838
924349252220629012
795430583651532840
690151329070579773
661504079725461554
853130983271170048
890405166560456744
847141692393127946
689511204581802011
656223027591381008
635019100116090890
921105144249196607
441923930429587458
708456641074298953
884127675323662336
874375470752362507
861793179824160768
824477635190194208
602561696766099456
871607958398709780
793670355214139412
879854812433362955
514441503431458826
816009356721782796
764699769515409429
655822107963424806
335893029892128770
721668590511587329
899426663740362762
753262883093348462
843734342265864224
587057031308115969
815833816454266900
818641813241593876
881561062321836104
708477351629029378
764289540625268826
713615839684853853
384860748394004482
612081389550043274
829834639559753748
358754390200418314
752592381966286989
575381763937927180
789247830127542283
732174222679474297
708888108766068838
849126402745434114
537419185924341780
604096414016077846
716686672716234812
701182553343918160
905537968981299241
634191873455554580
643614074172735528
522177314633547776
548209983574245406
768592678568460299
422508735701712897
592530735026536479
761668950815408199
587333725428121610
771540964057415681
868936304543547392
745418646565683252
771956238917304331
667962968075665459
658489049656590364
794960593853480990
729830325802500186
402508752894558209
806272136888320050
540584887023828992
752063827381846037
547594779714650115
586379319941791787
507704318552703008
702053607511556149
634374585126486017
399607938353987584
870193147190325339
573691534684454913
503796628084228098
738703016370372618
522893661449617408
866058819217915954
625006860763922455
688927567188721683
781733087922749481
813626838034546728
804138135050649620
736639983242444871
827344481997029379
709476831547359352
450180427026530307
739942331431518238
588783045772050473
480437259208884234
813209689260163083
589127113966223405
880911948613578834
765299247850586124
772185144248762379
903388484558012486
761695447047733279
401736952472403968
582021669338480652
593728679100547082
518896137776660524
913896232831844362
727906427909177406
585844025886769181
773666405672419328
426951570375049218
527895941487919134
816015106055340113
576924675586654218
799561588281573397
467359502132314122
920175456123256855
826873083922481192
738412196899455029
852684823571071006
835328864498352200
925465775991578704
916729781624639498
357970485360852993
381218733923893248
388674578291097600
865489398102229002
473073720257413131
869679628338495579
747999793871061023
833194916367695892
840312056578441277
476248932536680449
896620863443587102
671714098567839744
381269200783802369
678764940684820512
771182285667696660
697869035240423515
807775845124800522
657735009314013196
770488989986848768
647612604067479573
431162599363575819
806887259726544898
634191045051285525
425411109059821569
403591240584658957
690290785983135795
711783435961630871
855870918413123585
695816197228331080
555888235948015618
782080848127983617
804727864721014804
465360836655841291
588162640522510356
698780546133786655
402638974369398784
872945457897291827
816383797364523069
663215708888367125
297764072609284096
829777848880857128
551492058419036192
591691123018170368
690686996087046194
397165096557608961
719632481330135098
910964430567800954
812199938259156992
563781641235988496
922254066325794856
748906059766431804
827507469534232577
687432642827649065
424927533574782989
757605346926657596
744321853627170907
912434437642391663
689218518230892553
433326886987366410
854790814788878346
706930822816464977
897148442575515741
875258180467294209
832355513119146054
542519316227293185
759939935934742539
820804934206881854
733396066170437834
782443479346446367
658493693720002570
406824782080901120
827355918776664065
728358401578631180
775375151067955201
379096018878464000
783846878923980840
713509205805498429
476586284983255041
737094560420855828
564837145395724318
750097538790719488
709014026679615509
848238954846486549
306238688717963265
422944967804321814
843980610996666379
607059229882449932
762073004787105823
733019536223109140
701476077373227129
423826918165446656
718321061350998038
735492066699903021
410281367373348874
792878539296604201
401929612365529090
389298398534303746
112320796453593088
860710801001545788
747216772079288403
772900102267338773
825814614692462592
358775996100509697
406645165407862785
610998807618125827
533712829715447818
709305608414953553
736347841986822235
759302617879937075
736177115308883971
441066110427725834
889677154164543548
511268134439878669
840009487289155604
627687571950141441
755534046620155924
650530851985293322
266303059968131072
535220968017100812
453032171528126466
747216185841680526
759793937488674886
777741303253303356
696166669596360805
877079062521188382
321815017475407892
566132758464823317
729049945876856893
723941946015350886
585284929839955970
923735751454228570
719604095341559918
529335370027106326
525029464220893184
568907599974629392
394027318865035275
811691503197880330
908037741126762557
349623444209532938
610484492573999106
848238458265796609
578705122029207572
714929108643217578
604492212600045568
319489028686872577
839790067081281537
878428687219949660
917805430170861638
728298990927347772
852644542620631040
828422872551653376
727773951647940741
808089340630401055
760802914364424192
721419431053492284
923601225759457370
685535953976295615
763085528596742166
793020065351598090
806307738220363777
780049194869063690
716750702751514636
395693478866190348
326496754222628866
912066270394998844
673575262763352108
659858780195913777
813835538304860231
645296865323253771
805603324434317323
622586650933067814
508086471144636420
808220869461540884
377958285309116417
800090755787522100
915639455149334558
607460554055090186
529158800356409369
848239544058904638
884165479281864715
722242775772299274
608301911241654303
751162885408948316
844948335047737424
814961434713653358
536388763190820865
513188570748551169
615597850209812481
755920169649569854
778417896765521930
749394299128381524
714970336097206342
601121757088317475
738545465183699027
694066294273867856
810203749334253598
662121962377576473
834526810532085791
720311403835162655
745460619133714473
661015982655143936
723394070096904193
759298246366724096
653057561892880425
882083503297163284
899047691915513857
694963754810605699
848240792471732294
784859013459476501
414907070421401601
790778411211161630
609178271850168323
913257476776927262
759334609971970048
614574664408104960
848238740211236875
848240735790170153
908044955870699610
914779448950263809
859631592217509898
700434203170439268
633852002123776000
452569696676610069
739364966666207235
848237170145361991
848239791429910538
921180026437771314
702578429446586434
766060385601323060
853758421958787072
668541741661683728
370360975947333642
776102692631085066
506670071318446080
899068494858031104
527318962170757130
593257534228267028
771140335514419243
518543465840377857
809520615325040682
464449660808069130
698738138952106055
837056806646710303
442085208846499851
729987736659951680
697893536498188298
682790969107546187
913301177326784542
688075569455169558
797614985223208971
530860632078155827
843114253543931944
811814031232335892
848238311595180042
585945480069120016
714694508025085983
710652529733533849
573116081359683646
659455428303912981
809293435051180075
543945724383985685
781761131656118312
824402566208159784
717200460557058069
264055408610508801
766401180795928596
582642766580940802
790691263874859028
848238951142785055
267989315664084993
242019827433078785
787075077224005663
784523023864430593
710155621571362888
681203584901054511
793387509731950634
858408813573177374
906862662133108737
540941634087419904
767581622530736160
446459354795868160
346334936665554944
803606100078624829
836838763819958322
510299005775904769
742898284787662919
818189095695417354
472589001065496585
670655549230153734
543981741866614794
918985513610920016
848237180413542475
408751430980075541
514918329811730445
746115389188210710
731890895686729760
883120957538054184
645675631165702155
486123350557458442
802923452545761311
847612711084228638
624940868423385108
754852016999628820
856669559586291763
721529210199474176
781267885498564618
599705467689893917
498584640215318528
493755742902550529
866906391901765662
752784644864213014
823917279816712193
688754460234612799
514172039129464842
750154988856279090
725607090105876511
577316987148042240
610293836920651803
572440066505441281
740414872554045502
848238777309593601
670671097632653346
487248891776073733
913859346734145557
853015784145420298
367459075434479636
616664543762055179
674055715710566400
832736906210836490
416399839266603009
241990618694287360
446840327614103572
728387170167160903
724786825448783935
798074840501846037
774052036789927967
907389127488585748
883767150798569522
860405174954622986
841400999281164369
445354500904189962
920914913701003274
189392352320684032
830229755978711061
836749074417319936
352933328321773568
824918120753135617
790605075038732359
354986923955060737
712062421363064952
355107650414837781
501525143517003806
541259298034941952
440253138797330443
656676975326527488
816798013849993278
903471342819614730
313776655355346944
280108984302567424
763443737745424386
653459517379575810
768312035867099158
705365547600314398
338728208101015552
807385517929791489
865728257599733820
804363488243613697
420636196792696832
763153777297063969
293154579720175616
375718956528566274
744401791596232724
621876341855485973
551114600536473644
739639673072255026
735973428812841160
483408143754199041
472550330874462219
925462443860316210
313782198320758807
418826261369061386
578697332632190976
485807414558457867
642557996697780224
708715499135041547
896785979258568764
747235662276722819
813665619332694056
809654262476570635
818037712715644958
786379061777006614
906373774075637800
901848635636088872
562084943371698176
786758726786613299
447603817341517836
729086394407845928
867601007617769472
469951633237999638
861376899041329162
921036169309990912
668474313308897281
697187289427607583
491348411853832239
861014031455485952
378612381384835072
794852301721698344
758748909295501345
848240567078354975
633493847506288661
807840514522742865
561008574264770581
502979088827416617
153664379055898624
695726397355720704
913859550942228510
776542974406295569
492550770563088384
398256597731770368
728434372872634418
574000276462370816
484038426920747019
756183465359310989
428628325897076755
813255967114133525
894027520205258752
560990504439775252
379297733204246528
698761350473580575
794240211269845023
758846000684728391
506568833885143040
848238274442821672
490664332485591054
516745547953078298
749419412678901822
571135917499219968
529405394695749652
438113343807553559
486295208451899392
774371191426646076
792171510370271233
438459164872802305
420739127768645642
264097881420464139
605780112549478533
788875617303134218
636486644093943809
568147514847395840
597644115785678859
235148962103951360
756405237077639219
531275616373309450
909750677209767937
421121159975927819
801367161062031360
831062490447609867
872243844949880923
402944729907724309
416760005585403905
748205712081027174
614497212990226452
524830314955145227
855581093101043724
503309927478067221
598303864894128138
643198857223733248
765414330215825438
636737315091382306
790771652668555304
792645692669689856
803827612539420712
452836609545732096
848775259573977105
899384620741701633
791054828042190868
510674482977832970
848240595863863296
128779768157044736
795543757008273410
738079351869800488
665934638589411380
833729911684464730
683497643430903870
513030141316956165
640393634633613343
560963049721298944
687432377567281172
838214160440754176
346125669643583499
689662667996004489
309843924204126208
791306693853970513
599050081408253963
845783598681555005
914333888321568778
233829438238883842
869974186850910338
446322914820620291
608104241483087881
924658795131580426
278670666780114954
795792684475351050
475487299547824129
326514678568058880
792252491608752139
802766616353701900
906654978872061973
675480398847016981
817312391284260875
693299294635163688
536657990317637642
613735182931066881
537353774205894676
848240672187482142
641282918672498699
664222520672518166
748223463730315265
767853803047223297
697143080897347614
702061457336041532
908148012717604935
349279884448628741
718856857254494279
334712989695475714
670441936448126987
740342793641394286
406328444889202690
566364998952026114
297108252091482112
338906439118487554
467381254728187905
706646813201137666
880247505651114005
804739963861336116
256198740950384642
528703031949262848
658876381870030878
692487212713115719
668640435140427806
897876180189990972
727607618004058202
511297250140487700
749833839475556443
792576544609402880
304792054494658560
756691409783750727
701938583766040647
811673902983413790
509519543056465951
738836139988746283
695078506563895306
741738624965410887
848237167650144257
881225484946538516
883176366789509141
481805151368380426
501084153635143700
617853476168269865
874028405820096614
914753271200096267
909928790434660353
823238054604308491
607772824287051808
740710244090642544
606600199636385819
554411715127934998
900504367235498044
772167407615082558
252180062269472769
896485240921534504
443556596845641731
828002634269982722
725088131186950215
864613975026827296
719739080333590549
643446852280254497
585437314214395904
549019112618328094
726987203384967258
849507362619916308
874147963159609365
913706164309610526
675100369591861254
256221644920586241
863609143674667008
791042538379149333
356345543741669377
728333698839085106
847916297307815936
644649219650486279
829102971920842823
848994306068054057
886952966052008006
529173831085195275
718060953865814058
594331501907148850
727543575524671599
457187201000800258
459432221820846103
921136311342088222
319275788685803521
636770527326896159
901622638160511059
488155920287793152
360942325507031051
741816428755419197
797293310384275466
482641713442062337
835604655072346133
731719871943016480
429754179414917152
412030322864029706
794740606751997983
839270080096370720
659843307593138186
733088319394807859
892418447609323541
478580728884363265
647500323031875595
663070372261920800
830966493424255036
444482384885186560
549587510045704192
801625587596001311
664554688967868467
685937302979346497
619002095055405113
714129965104365609
883778078747275284
838614412239700039
339967362923233281
668949691630747659
832738683337572374
906391962091941959
541597520288022528
606474991004811296
481519202495365121
848238269262331924
512432011823153170
705919524507222097
560290861636648970
530526341880217650
465581563854323712
768972007060144178
397814708293599234
604192474206044160
699418770191548436
648617311619776512
316068523015405578
755169560130355220
885649632439447583
709620065934245958
686066905533906993
841533144775655454
924313444864360469
588099469216841728
421890632425144330
471810040861425665
903027733574062101
548290540190564352
699017739939086376
508626682698006549
835384764478390341
712598974049288213
649266934701096961
851192243510575104
828637078010986506
878335870694993940
869048075950379110
304031157241249795
504751171332997130
759120466312691734
789652506195787776
848239285701443676
853413838849441792
344213095872331777
826280007713816583
600731039828279306
511689778983469056
783743324875522098
342881659517009920
775603465321316392
409456808290418698
682001379631562782
218841507518611457
741812698697957387
735009445737791539
707046834568167514
851417040057008128
524043389742874624
741516075283513408
814507334071222302
789708922625851403
704309978802028544
600667366027689991
848248083635503135
660643830395043912
716403484802547784
703809849154207745
358985170302271498
855933765187928065
761047422943756299
329070885082365964
714981920232046653
397784532688044053
466376634115555329
431254759555596288
598637027637985313
433720618836557835
894378870650855434
398988763520565249
848240040064188476
770107204724326422
875537820008198234
355848261333942292
768914967038263326
502905497343623169
659915932633792513
913906840650285067
628718886547881994
814651897062490153
852643736676728852
848240020170080306
710627215393685566
876602195095715870
850848143146745897
424190790042910740
209131020870483969
577993106926993408
688787095950458891
802932436529971201
448686773556609024
518698517275869184
758327940307091467
534239282785812480
607603162320338970
488130398233034755
462507899726594057
760236243777880064
773587067258273804
795377717368324157
847685894042943529
848240175242936330
768272290047066123
786942352665083904
853486044557344788
695845935657517107
848238792753283122
643205820523216898
563542242028027905
878727769683542036
292414077442195457
848239314637815838
759563392536018976
898312693885321258
411888393031778305
866784496815570964
613571634078416914
731724577528348754
769273788830318633
651470478287962122
670363847772602406
537834373869994008
748558834137825371
819627042835660870
377653098342252544
741471343215640597
859630283192008706
690946616420466688
700390293534670869
538135507314540544
530744984518000660
859689428703379473
732274788680073337
919016430047998063
511366243874504705
767799709837426698
757900420088856606
710584911483895939
667452376893882373
863629366126051348
785898193997004881
752643011065675876
387116995264643082
367090046760910852
698862064864592013
847358558236180529
461569794983067648
752892681092333598
534227214229700608
823305361976721428
720157371988574211
720334129379541042
583291419150516235
737825548553814077
749134062156775507
511265814641508366
700076618680369229
607825395219169300
709128674716418051
439609523456442368
527177612129337366
256944503007477770
381462750494457874
712753531853209651
709604025632292976
617051356167012373
720665453516816404
269748314495385600
605147336209072130
469996096358449175
509796628635320330
656773284255236117
468178029886177281
554807776920993814
674006286811136021
589204372056047627
766409295779856405
769973244966862890
712046871568449620
905994100111708220
849855589043404831
838866203640463390
289298143386796034
923003524567171084
784144217798737930
792109718448504852
726278948048207890
780174849075183647
680284269838598154
852871804980428801
454673724252356608
591425958469173257
639932518543654922
551468536497831936
332000667071676416
720838631996260354
658139164302245905
456509283941613611
274629009441292289
644870791510360077
852662363425210398
308282623434686484
219478215243202561
846841710339162122
807747129556074547
345201331482525698
493578659958095872
695467552020758588
641420353310031872
416760100456366081
422535024751935499
508303961028034570
864736593444077588
432442100617969674
318111218118426624
643264037890818060
722990408828977232
649642643210371133
400465444479434762
360836192389955584
743506370036236338
820155614097309736
734723559703707689
281238186271965194
613766279370768394
658168711336951853
800237342383144970
759205679113568326
642861611224137771
734823922566037626
914353902898544680
878998701413130270
813210291093241889
731328309228601405
834811225798868992
904830473669345281
507485599079464972
711031162222673951
569414871834296330
853035213282082848
921526083642359829
908185893267976223
841434660177575976
841867330237497356
463369771258216469
758088416553336862
864250769565548554
700837075913539665
761206717232840785
848238578374279171
829428852030963743
782552991546474498
772536840158052393
603698205028384775
529925580750192640
517802400996786177
568779337860513794
599046434381234189
814988973049905154
476345209983336450
756686435897049149
911428404765671455
469866545120673792
247519560918368256
795414773478195222
756675810143764500
452260684273811456
670671445944172564
500634645822439426
373896204716736523
655872192629833738
619872097199456276
683116943016067075
881677253283573760
658529794270429209
707616782252376195
704021015000383549
466864503020060673
901486700281335830
821862843892105217
754566290315804804
689156488807317582
778468370751815680
886670282260119673
832846280472264745
848238865197301821
662008638356848690
915930163710136342
572532695058350088
529999023050850316
788093536507133993
763798436285513769
804414270766710864
562067123405455370
607078205769252866
552293793622392857
685664550153879554
705184722531123273
916883644587597855
728542474158604359
848238231320395807
354331891647774722
666683063236820992
675120659285803011
511296745532162049
893996082110038026
404118280291221509
384413540632756224
539551475702038538
873365807109922816
749421447348355113
428647094631268352
811078150435373076
699246881766899732
759972223603179521
548749917028483127
870057031770439740
363758607965356042
687098691839852558
626580359089487885
848240494667628605
727023848926740600
785974849301512262
843246472228634644
676160270581760022
586629879282401281
774417427542310932
792084060721774603
916375884603195442
724733759651446916
839944761368248331
697084549288689715
907090575164051467
615166242277294091
652274546367397888
642860599901945860
742878847757975622
898034939902185473
787191853959217172
604472364352143366
873964400497791006
762171218077155329
840734618579370054
921892546630811779
750079952480895056
694323670285418546
519104470349643786
682498882592178186
838907297547419728
639945628889251919
627219743165906954
731276395539595266
724799210494623744
850570088616034344
754101627258011738
551610712007639040
602469894419644427
671688030507237385
498646741034467328
577234067028967466
561380154983841823
509359047649001509
679850856195424271
754795955785695344
389464296310177793
720083318061924402
699029268922892358
601256018248466483
320884344623464449
838246522742636594
566661389519683595
758896380197994536
530094948238884879
463154963082772492
418938801134501889
771925514868097054
824662912982319124
619926443182391316
719665360881713192
865870865434279937
749093149208608871
751852658783944795
792872151468343349
900186479773503498
497998403490545674
462323591028146206
664613395227607040
835215426035515454
561726759020789790
850426149179621427
700101723213135892
879147262553489439
604047943766638622
361194449478615051
671472870236618765
784469745037606942
701540299528470601
884671312444932138
528704084459388939
711993070832320604
768813518220165150
787027353137446942
909658675239587871
804906378270998619
555710319524315136
922902263620567051
640967856304947211
794301546787110934
915025149177245736
707728520444641400
854141283362406400
767507060124155944
715875970049114142
379068868754276372
549269878763290635
755569671012614144
878929898616553492
658359401530523660
574338306394030081
564054436029136942
329280809695707136
590679229818077263
413475180933939202
868483862995550258
538176378705805321
735297508133306468
917688322745331712
899440006119178301
602915149388709919
759593993461432333
552205899737989132
724383623360544770
724451064002248706
272849353369059328
784262409413591081
772963151314026497
848651351926767637
848239266302918667
853436977034559509
841642427370045471
848238604987269180
400814899074301963
349401833602809856
680992613821972480
676228975747661834
794834424680153098
857964408679301130
527579044904960010
716736357267013732
531182761063612436
404429615520808960
578545304345772032
835268825008046102
911526038461382657
683508901505007631
452816704100237312
659587228422635529
872259520372572270
294882584201003009
531216756090470417
606161618648170496
665753274174930966
596849404787556363
311316754347327488
760311339842404373
359473792210305025
429898546146312192
626710185645441024
540386241695449091
848236747904647229
880205798435852299
845269323487903785
567533876923203584
845278862655881236
817560459791171584
707974306306588726
725623813076680735
584919380773568599
798787635766231091
523085032852553729
761349957356617748
231558995335315456
883935984658554891
848154629060820993
825219829115650089
886526136979456091
532446683452145686
508657656882397196
837069157878726698
467402765128302602
516391518316003338
857510339294134304
286280967616856066
766418899691503627
554801360952885251
475880216603000839
925169133480443956
542194063974072321
798256559213248522
893733019960086558
632771483877244949
835573033401450587
764473620746600488
857294230212575272
757699114711515186
509578797452886026
546412871123337228
495649116492136449
789769781824716810
808324405423112212
640699755315331072
908472979627859978
905991715800895549
469356061527244810
595109332262191114
548902719767838730
819061340970024961
254852903511130112
744697681317724244
467376218329710602
724725674941743124
697261513563439164
290276035474358272
639118637721976834
667094294062039040
854601041050992650
902975031930396712
845022522357579828
681951243777605632
588266746272808971
517848613733531658
763878762521296917
919411021439971358
541897444871634955
813895828627521536
579848646372360192
840907445278212127
911793523022503986
908368481269993482
807876900462264341
708890741010858047
590308423011270666
732064918345482301
917409842396794950
485194722789556224
788596008518025298
792637864038891530
210501449510027264
519637978750910475
381518323848052766
882446160999100526
472081626034339870
509362709783904293
761067034086867006
848238805710536755
853643174639173673
539583189967175701
918991120535523400
848239898171015219
822976569319489536
601979861548138538
695886001998004245
426827625516761100
838225232107143199
920874965941768232
864960925998907472
786410874075742218
262176708243750914
694732614308986890
318200323133145089
660619542309109771
590235443568836609
611401518150844416
833175452222226514
805645412571807755
798942337409220608
517639916474335232
840682698673618944
916743570055122984
876608421519044649
572037297697194008
910142209196691516
924072288838639696
758326874912587816
603294936766349312
493425100645990430
555066509647675393
695236444142174289
562942208274071552
818715919915155478
771439299270148106
513817085823025209
702315996546859048
536411321181405186
786344800739393536
788843382775611412
534548081031774220
730244504120066089
469571399925760000
309771847929692160
497578433430421535
553654871749033984
848238511403302982
848239569106108438
796458572547883048
686063452271149058
862730293746860052
733327685924814870
792131935295635496
698380068128424016
848239415796957245
538518107371864064
803663192391286835
840760328119648296
798570260068171826
808458942766120970
809184450231271442
713108221006446632
866426284975325205
833781945602146304
467584650768941057
666772394182049793
809131894674292736
359127000067080192
670872558618411008
694326914986541177
479304871095435274
244323585269694464
693877430846226543
675767358232723458
743710055270187048
750513749277933588
852341619436683264
853135035805073408
913826363524415519
237263669799550986
755138277735923764
613123393264549892
804462724753915904
711060889058410609
610931559314489376
372492544447086593
888799769781239879
832693320739848275
828536821247639612
742895100731850774
259749477244469251
798421413811322881
488075226421264404
773299340650479686
655020894925619240
783071716522852372
631982760159871037
721090371987308575
846520716798459935
661219432038662153
548942003077906446
697986325558591560
715706295985897645
743118620682616935
390310694328860683
266712747947851787
706308412819898494
720351927581278219
780609697476247562
350723316404977674
658390624235683861
531564809255387162
728707881016360992
679461126014238720
484095526145490944
848238549509603379
751465430992027730
493901957946408960
626894507450957837
877270930005577838
850382545081597983
757084151018160130
389622932629880853
335325924557979650
662289695576817704
731153144431771679
660672242224463903
765520564500299777
901674882738311170
705425429871329350
784879026049253387
609543126230630439
583873606157729803
818182779517927454
755483182853521570
714909452800753714
718862346197532712
723108275830390847
915096448146743306
696108181813985290
856800461109854218
586352733507026950
786227986684706826
786617948659122207
776477240745263164
911699633313546301
917878929233158185
424344449980694547
876970685807857675
476821494190571525
538542795137482772
460288615671529472
732662339584655412
773303060008534039
853511792532520981
570720446610407444
908420351850070016
665234502658031696
265300002597896192
589960396337709160
666854133617262685
384534047881297931
425841540414308362
604815125429485578
691507774336663552
778712540422209547
569371780838588417
411973866445996054
478755797892071435
776537000852324373
425099496720957451
813961908272103485
665756489369255937
503655731950780448
844978999616995398
716510272726106152
196676603835711488
460081784470765570
786338707451150366
848239305281110117
323198725591793666
578099639840931840
763908084229079060
870700391107539054
905260774707068949
841861575304282182
845427038353358890
632312777519923210
840618686552604713
720403426110079066
513017658413678597
531682848244105226
852660781539131442
540268298093461530
380934741433516033
886428435130482709
739312709165908048
659809836799885312
292094731356209162
608686992389308436
686059090262228992
622898348625625088
848237833885450270
755943869165731960
725782898694815785
853846361024102460
593814469168201728
665764173036388402
896814356472414318
680903738503856189
605768676284694528
793229731163013140
320927828659142658
580051680553467904
479149559302455297
654868623479013386
852714389369913344
752603604153663537
205843793465966601
823249274249936926
434952317843013634
442064905114222592
657017714627444739
827634274928033834
764951173907611648
792789723704852523
573285573968527402
756528583224328283
823484684885164042
755050703004893194
751262468130603049
670065090757787648
866810452729266176
768971335388758027
500055453011542046
895157449575776267
461692020319322143
401125826923593728
774362697705586727
279382850900590592
205705210142654465
597940640164347904
141650881446674432
605251379669499914
412257386884235264
470809009474240513
796425963558535230
597597660513566736
851474497143701524
716875616682508310
770816892030025758
610315246531379220
591841907219628051
750739354523140247
793968889901219850
753719644170223886
858871563465785415
841720159042273280
896962390120362035
732495949313736736
651285242564575273
743199034956709949
511273591489167371
569971767624335392
573732001933426690
431167901697835008
758096136409186345
548954704927784978
614988969863544832
909647552226422784
712419589727715379
884051324054953994
531175560022327306
559916294883901440
800077054380998727
364172250028572673
801107682148614184
719577573125914675
813170866334597180
826595206241189908
845364258493169675
421752561192665088
854632344786436106
392489533859692545
697402117115084801
806528778888151090
867522028794150912
646733677493223430
617972729420840981
333813990872449038
768994634575380520
822301738223927297
838971771550040115
280522264225644546
706290094478196786
894672724339855402
661422533278433326
753141943361470496
852691825151311895
605147688866152479
852960377696550922
409244699975614468
773038102247243796
552586096270114838
552937185641496587
352219247520382976
142398348949716992
770839089007034369
798839612084715531
781159713684848681
527320138760847362
173423697581965313
902677346883092480
658831146737729546
719442157450297354
518886109535797280
709924574619238421
709107192300830780
670409386484563987
761067296244236309
801867381642756147
720462964930379837
921588434529837117
740377494015705139
917680893227847692
853579618069512203
662319081667690516
756712000490307645
757943901599301733
919119634433716286
889246607789424650
877456453017960448
719615884934643763
325778220412829699
722542083503816815
590605950495227915
620352764769468428
853097650836733972
846511045236228096
793600043835588699
806885913401622548
466454147739287552
610944576995196938
884520756992696340
456428517677334539
623719440944726016
154384145991204866
848240667338473523
714587718348439573
853278801190453248
556526142094442529
919437125085179914
536969535480135683
795438968400642068
790057186037727242
297454878400446466
584176864541671455
872720339061321748
703386408412381275
556264949177909258
848239069846831104
703835117100990494
417173024903790593
897702095979937802
859880920755601448
827696538133331968
899846813903908954
832623586908831858
547905866255433758
685627929274875923
797176244772274246
624959549924704256
737844223172411504
696421241191530507
421850923451809793
685952047043969111
195169122269528064
539605008845635604
569917677418577944
921944569539592283
569643263280021544
761352643204874250
727141567692931102
923475152912674857
610956126363582466
848239857167630346
606565558024011885
419936107975933973
620056083301531670
599325211598258190
616322547025313806
757084690493734952
700999399047692331
848239868483993632
466478397548265474
696421920991608882
850793804936118312
818313414430556222
920728811065204771
625009907225329745
492500733095051274
832327767608655962
908197726536208415
831255113967599646
836083779692265504
742935056271802422
447154429699817472
705986577536647180
883863935722332192
849492671788613663
407200190873993220
581254057541500929
798597836224593970
855910415648423967
535950296510365717
843689057456357417
479022696470937611
811358325090025482
886226084545310801
716605068119375882
387744747608997899
350789314394718208
568683112645525505
427593496409669664
797682537454501898
738218632273723495
394197255361396736
742862304114114681
809881868677677056
852903167725142036
548235968356810752
819357869870809132
848240534983409705
324686320972595202
548612054236528640
454077337667895315
660612086543417374
794154115172532224
530736630001041438
623302451851821067
714852186655555705
603954950321471499
644243529459171338
908440408240058368
540351412287307786
879875472937328690
817097536069959700
839969311509577818
913291845264621649
526469444533223426
769046718846730250
795754327192109105
477971021669072902
243802822968082432
634433721080217601
536953555467108363
920547200260513812
675912659132219422
792157011553943635
865383597271547964
682401344161710215
739920898353528853
757786298219233381
841434258466668554
843164977263018005
656004197153636352
282940040076591104
434561438561075202
693582697657794630
797321996257329192
758715319031300096
736576163002187796
487965819884797954
805060932119429140
785047180762284042
447888563497992203
618148894940987584
651271150378287104
560264279333404686
598919411566510090
355705937413275648
876210884312174665
693177002881974313
857386142697259038
798001121661681675
804560279391961089
897153609412775976
889343619297837146
597547137537933334
763060315260321852
743217827107962951
797694696796585994
481863737578356736
374513670715342848
443635988842151936
527167786200465418
722971395033661471
835771083948425236
754940232033632316
603139007282675722
462320729552322563
576462100130562059
837310221092257802
848236952074453072
689893458759909450
495983022647279636
830196417451524156
642744480440778752
529063252794146837
710205245216784496
848240979093225524
818902523243003954
706923260616376360
859573744380543017
722189029210325124
410796169178906635
671452584283734029
821862742586818610
667854786804187177
835943220461436979
848239408078651437
550790839819829260
390937446738821120
736678177438695446
368193380435623936
763493094418546759
548586880510328843
791931710489100348
515769488856186882
883575572377239572
343121819420721152
879584589901889556
779476145338843136
828122341564612638
595336354859319305
795490135051075594
370339442948571137
721294428521627709
287744813221150740
286321407434948608
529094737609883660
702359406632894514
923050449047814164
909793397324283915
916052732790587422
496107834313015326
246808067893624832
792759287679549440
806605751488479327
445387247643131905
495621100496093194
908479231405735936
349894334746853386
706419720911585360
564613544138768395
526630258972033039
882871787929620540
841694720274858035
663725768584724482
532043512363876383
857809187559702589
720361457082040410
723744588208013382
578931990590652417
916798836817670174
913100244290515034
848549074508054559
661604362975445014
709503539017416856
389538819235512321
341993704917172226
232925660601909248
745016600532353035
587312283018068000
397963325742514177
905265247655432232
919469772159213599
319191387218116608
622636406740615178
392839008729825288
482963781480349706
570766630376964107
498200137353527328
801610480136880158
383252097090453508
683062277062000755
732898571124342878
717722111090884669
824387469629456385
705210581363458170
770024811862556684
541143325156048916
638401135861956631
823336512052789261
730266096191668245
854619451818246174
810480636300886036
827606620581265439
481949509996511232
758331673427050516
304786004668055574
411715285884600320
791070022645579776
751212353261142106
699037040473538632
738530420378828920
863157929187475466
752949163515445248
753319697587634308
759979330158723172
810661389949075486
426915402304716822
625091548291268608
701766836307623999
331795245236748298
476991091225264130
641812776716861440
719264943702147137
480111552754614293
660597406286741515
593432422016745482
866543118060093490
309435591765000192
913859992908599377
692778771371131031
338797013342879765
490691330876506135
731733570334359573
834633063081574450
622911558384615454
893115386738917396
775822447961571348
816492401665114113
648005722092601344
696182450002329622
752668574396448789
818987665131175946
753072202622173274
936577752583249931
640715097697681431
665353702294421526
662528366502477854
514685362900041768
893395539293536297
823360036855611393
708711304063352852
700722817183907892
705607075723739189
730279529016197171
669741906863063050
663201702673121311
408751213954465803
734441727447793674
552137519115010049
494203499131830284
737754906231832708
936646575864807464
665397746701828120
750919402882465862
956716090501791744
916741202680885329
949551870714720266
522553989682692106
880133276432465960
849669889248722952
753159792733847613
730939467959107634
789359647168528394
643150316392546326
886706987847524413
755661308950609941
829360185218433035
726480452747001897
800236064035962893
555541787851096076
818633907564970015
712405267345571882
727088641494482944
870856664285347861
884955319069986897
296370045460807680
886660039673258075
715963832983486524
329694541575749642
719689107114164335
831628490557620306
746888738990456892
282683370750869515
586733247539707905
755849770215407747
959092520091025428
722419494336725052
917579686324887623
485981519513649152
874239183676391484
472428851851558912
566242785498234880
832620194819342337
758159233354039306
789594630219759657
909490050197233795
863153449897033738
959873001942294588
874722686784389160
936612129337909319
925743434478792724
559552178793086976
957757230780915754
936183216572882994
402334106589069322
821050470197362718
681240957001400330
945466191244316673
629796483910205460
772967557744427030
826634499521249300
591296370099355732
537958431328305174
703655829202534541
904587205043974184
783097026937225218
918608116701069364
433774955469996035
802367658988142633
796563115197988875
750898637524959324
854884493218152468
939965856216129637
618475691591335957
849328433052909610
637075011101917194
843958572757155871
775988496811950091
784665907363315723
624024196896522242
620798210893676554
760587503211905035
509889871188328449
576538540406734858
528826724440473602
889245777036197948
464943405374504960
485939055654076446
586298234004307978
697591229172416533
593117396911521792
904585875009200138
904209037049086013
846523934877810695
686731600234283039
903972546012143667
904208917419155457
844040492395003914
425452388464328704
771946532609196064
491078806988390400
573285573968527402
960385774963015721
732453473534214175
720291757878673439
395074844061990922
292814653380362241
540036328558166016
780599545473007616
712127427178004480
888644517425729596
904255930584170516
618574480939155456
705529913817432256
923037536350240769
904151544302276649
904205453242798140
904264729143427082
617876233614655491
754005279120687164
592424598939631627
904301031666622505
840634486597353483
728514408325578754
820527641760366632
841735126051586118
850276652876562452
565703071267553310
941920817078501436
714602784770621441
512042458360709121
817862534828654622
914966410248224789
846164100044161075
896587563786178581
825444152253612094
540341739945459712
888845523761635339
359133394308956172
926523657210171402
382145323730206727
712604018723127336
904295863910801418
848017326594719744
848012207568060446
848181585882775572
943066316804337684
844531741733421066
746884635723825172
772355233678360576
770638199605035040
411154709290942476
904185752777281566
765422602922885130
364968517935562753
845793739946983424
806822860664471602
904186161814204456
446471839997231104
335998709806399500
801564528952475668
704482548914323476
904156217818103808
904328985972981780
850474727498579998
904305893775118347
804092430008713287
355481021510320128
874472824197242911
358444183406772225
761200868724441139
904193528484200488
843272388132208650
608392847246360581
838207534934261780
88048164292022272
780901109102805063
841250065556832276
812391382194585690
587086368795131905
846903931069136916
844560736830357554
843865057904689202
904180042240786452
856646295724228609
904258720161206272
911752490410737704
840913636276043776
945870464566300712
669722656077250570
904322134774542427
830480870728925185
850103903369691147
648274429620518933
819016421187125259
604506820681400320
412282023932198922
718938599747485858
449589137163419668
263794680649613313
595718631158186009
651636578703245324
929820417059852318
690322629181440020
489226781774053376
933836775854579783
904194332955906048
956724312801439795
636858259759824897
562440687363293195
864506793040281610
257388779289968640
738964415612715040
689023285740044290
844380962627256340
844745708099207168
743313761993097247
676615026110627842
935055375399518248
356263208035811328
336259415575625729
904204427357999156
795428761427902495
577283335945060354
865534690748268575
904185545595420732
882347661641019455
843152881103405137
415319958269067274
667115988877180960
904205657291522058
617079557677252625
904243410813214792
664468741672796164
875890635775811604
772907005932732502
567532905849552906
859134461475422258
852645470811848714
904208275292168202
796022965405876245
500812582005899264
932849770614112256
575769608682733577
319516807297892371
931375729298513960
904331667655778364
904588587109068861
893560781445152838
592979439412051968
841014900381057104
626568186304921605
722214762024534118
884541108649078805
950137144343670804
904198254382710845
796148971605196832
529131441489969162
853124004713988126
848056780433260584
848454526196514816
321093472096354316
904202198186070016
769364197074272286
726183320223875073
523350019039035434
721850648609554543
907708966916726814
904255762451271701
597604218492420096
846824090731151360
251532705660010496
349315478612738050
872378690259017739
666394516634206240
905210545249071204
828861323353915422
930052441184038942
885100896357343232
814274309723914260
231927644415983616
904261372198653954
818849694893473842
904205709661585419
460527913310093322
818255873066532924
928827628947914833
279676939906711552
561280883923877898
904586712926269500
906820697052041230
904187376354615306
469370161938432011
905337967495774218
761379172156178452
515708638115921931
904258205088108554
513177697665548288
904204926106894357
751150039312760932
857452956558295080
846560184868667392
658461338150109204
785662441941893152
904240463098310676
935688099332247602
846368762319732756
904299483486122034
904250736743972934
907721153433436231
582240246545252392
839918013704306778
904256394067329044
841475499587141674
932183137251913748
898646937627136030
473659660520652800
858826694968999946
946100647051264001
613966954541350912
718648432717463586
460883114382721027
556386039351083008
847479482276642826
544257629321560067
447839418888486926
295984276607074304
525742137216860171
820658699437604886
904591403135434802
875122246941814915
470051580595666945
594909206532849674
338513031942373376
826697575452901397
844610183866876005
852618132002832484
821359402535747595
770682919219363911
777920558608154654
701970799032270978
420725491994066944
687882398477844481
371479057398759425
838915487853314078
860588207648538634
432636235605868544
628368662050635776
844335054913536000
347128851182256129
725665362707742732
845445015845208076
802756702042193920
904587281262858260
896913479821312031
908441625867485264
915463303986315275
909950682126250045
561359921531191336
848390045962731531
843740701292625950
496075732838121472
795975294904827945
871948152821923920
697065135369617508
590170098472452096
490071148147769345
904148730498936972
698391457643626596
660263044454023169
787830259852509205
733491899893022801
650095215595618324
211956258406793216
822336870197362688
738504839046234213
817766143011323926
956011536114143242
324729000960327689
574279008540295169
498338764863832074
806371895721066556
564239241308012546
729138186642784316
904585919795957801
251528759742693376
764006461646045205
912801792251822090
554144225814380545
860900747873222686
849527808510525451
665020000377241630
569516261931876362
841055445611184138
667181821011951629
826172779455971329
847977451899715615
478303392104579072
845815357708304404
943391036632334356
927689166119137352
338803132878290965
507227683974021133
931281303200997418
904300098295595049
904325860851593277
894028199749636137
713781200237363271
424017282864513025
288467741520691200
838546417794416682
904134083511193710
845086255020113931
904196560131342416
841233030215106561
362396327914504194
601692838102827009
886763926077992962
665703422451777566
853018850168668200
833862216187904000
401895098859913226
849067601304223784
640339557094522915
956261909752061972
850638685723820062
845195378693242940
777897878550872086
752051343727788044
907716053394673724
806901250968387654
774592418968240188
693708674002059275
829707222237577257
927988190562885692
904258395475951617
772719400419196949
904298562693787688
435271550183145474
419133007002337280
904197887821504513
838972107056218134
608400483454943232
770922217176825886
837531897457541131
327986606189445120
755961638519177237
925939151067574292
420062208354156554
841116635012136960
685369542607634451
875382038058926091
322847716411572224
937253915316060160
389438848087621633
567175717767610412
616623077731598357
394372453595480064
844241556487536640
817426030251737089
906570457736708096
876116891511431170
531305706566058004
690656193315602492
781070337671954432
846564823391404054
791713467694317600